[gd_scene load_steps=15 format=3 uid="uid://dfyqnvtu6mank"]

[ext_resource type="Texture2D" uid="uid://bticauqhtnqoi" path="res://models/starmap_8k.jpg" id="1_wj1c1"]
[ext_resource type="Script" path="res://world.gd" id="2_84njd"]
[ext_resource type="Script" path="res://cube_sat.gd" id="3_u3n3o"]
[ext_resource type="PackedScene" uid="uid://dxic8waqchc3t" path="res://models/base.glb" id="4_ebyt2"]
[ext_resource type="Script" path="res://WheelSliders.gd" id="4_hgbox"]
[ext_resource type="Script" path="res://wheel.gd" id="5_dcxpo"]
[ext_resource type="PackedScene" uid="uid://dkc3ycisdan1s" path="res://models/wheel1.glb" id="6_fbovo"]
[ext_resource type="PackedScene" uid="uid://c67ruvyiuhsk2" path="res://wheel_slider.tscn" id="6_ixj40"]
[ext_resource type="PackedScene" uid="uid://wyem8uhw5svt" path="res://models/wheel2.glb" id="7_d23cs"]
[ext_resource type="PackedScene" uid="uid://bt08pw46fj85o" path="res://models/wheel3.glb" id="8_jnql3"]
[ext_resource type="PackedScene" uid="uid://4d82d6kch12" path="res://models/wheel4.glb" id="9_1451l"]

[sub_resource type="PanoramaSkyMaterial" id="PanoramaSkyMaterial_tvcqa"]
panorama = ExtResource("1_wj1c1")

[sub_resource type="Sky" id="Sky_cwi6a"]
sky_material = SubResource("PanoramaSkyMaterial_tvcqa")

[sub_resource type="Environment" id="Environment_crkvp"]
background_mode = 2
background_energy_multiplier = 4.0
sky = SubResource("Sky_cwi6a")

[node name="World" type="WorldEnvironment"]
environment = SubResource("Environment_crkvp")
script = ExtResource("2_84njd")

[node name="CubeSat" type="Node3D" parent="."]
transform = Transform3D(1, 0, 0, 0, 1, 0, 0, 0, 1, 0, 0, -0.0125639)
script = ExtResource("3_u3n3o")

[node name="base" parent="CubeSat" instance=ExtResource("4_ebyt2")]
transform = Transform3D(1, 0, 0, 0, 1, 0, 0, 0, 1, 0, -0.8, 0)

[node name="wheels" type="Node3D" parent="CubeSat"]

[node name="wheel1" type="Node3D" parent="CubeSat/wheels" groups=["wheel"]]
transform = Transform3D(1, 0, 0, 0, 0.848048, -0.529919, 0, 0.529919, 0.848048, -1.2615, 0.6606, 0.319901)
rotation_edit_mode = 2
script = ExtResource("5_dcxpo")

[node name="wheel1_model" parent="CubeSat/wheels/wheel1" instance=ExtResource("6_fbovo")]
transform = Transform3D(1, 0, 0, 0, 0.848048, 0.529919, 0, -0.529919, 0.848048, 1.2615, -1.40818, 0.502707)

[node name="wheel2" type="Node3D" parent="CubeSat/wheels" groups=["wheel"]]
transform = Transform3D(-4.37114e-08, 0.529919, 0.848048, 0, 0.848048, -0.529919, -1, -2.31635e-08, -3.70694e-08, 0.31072, 0.66108, 1.26162)
script = ExtResource("5_dcxpo")

[node name="wheel2_model" parent="CubeSat/wheels/wheel2" instance=ExtResource("7_d23cs")]
transform = Transform3D(-4.37114e-08, 0, -1, 0.529919, 0.848048, -2.31635e-08, 0.848048, -0.529919, -3.70694e-08, 1.26162, -1.40373, 0.51075)

[node name="wheel3" type="Node3D" parent="CubeSat/wheels" groups=["wheel"]]
transform = Transform3D(-1, 4.6327e-08, 7.41387e-08, 0, 0.848048, -0.529919, -8.74228e-08, -0.529919, -0.848048, 1.2626, 0.65715, -0.320415)
script = ExtResource("5_dcxpo")

[node name="wheel3_model" parent="CubeSat/wheels/wheel3" instance=ExtResource("8_jnql3")]
transform = Transform3D(-1, 0, -8.74228e-08, 4.6327e-08, 0.848048, -0.529919, 7.41387e-08, -0.529919, -0.848048, 1.2626, -1.40553, 0.500446)

[node name="wheel4" type="Node3D" parent="CubeSat/wheels" groups=["wheel"]]
transform = Transform3D(-4.37114e-08, -0.529919, -0.848048, 0, 0.848048, -0.529919, 1, -2.31635e-08, -3.70694e-08, -0.324512, 0.6571, -1.25987)
script = ExtResource("5_dcxpo")

[node name="wheel4_model" parent="CubeSat/wheels/wheel4" instance=ExtResource("9_1451l")]
transform = Transform3D(-4.37114e-08, 0, 1, -0.529919, 0.848048, -2.31635e-08, -0.848048, -0.529919, -3.70694e-08, 1.25987, -1.40766, 0.496943)

[node name="CameraPivot" type="Node3D" parent="."]
transform = Transform3D(1, 0, 0, 0, 1, 0, 0, 0, 1, 0, 0, 0)

[node name="Camera" type="Camera3D" parent="CameraPivot"]
transform = Transform3D(1, 0, 0, 0, 1, 0, 0, 0, 1, 0.235759, -0.282455, 7.13333)
current = true

[node name="DirectionalLight3D" type="DirectionalLight3D" parent="CameraPivot/Camera"]
transform = Transform3D(1, 0, 0, 0, 0.997819, -0.0660129, 0, 0.0660129, 0.997819, 0, -0.0163116, 0.688179)

[node name="Control" type="Panel" parent="."]
offset_right = 40.0
offset_bottom = 40.0

[node name="WheelSliders" type="VBoxContainer" parent="Control" node_paths=PackedStringArray("wheels")]
layout_mode = 0
offset_right = 40.0
offset_bottom = 40.0
script = ExtResource("4_hgbox")
wheel_slider = ExtResource("6_ixj40")
wheels = NodePath("../../CubeSat/wheels")
